   1    3.265  -14.107   16.877
   1    4.046  -14.111   17.614
   1    4.047  -12.839   16.901
   1    4.261  -12.797   17.017
   1    4.817  -12.834   15.587
   1    4.935  -12.642   15.657
   1    5.379  -13.834   15.145
   1    5.025  -13.745   15.106
   1    5.042  -12.868   18.075
   1    4.850  -11.840   18.069
   1    4.228  -13.043   19.244
   1    4.711  -10.458   17.718
   1    5.890  -11.610   18.173
   1    6.341  -12.129   18.134
   1    3.035  -14.005   16.173
   1    2.914  -14.713   18.488
   1    2.830  -14.148   17.523
   1    4.980  -14.983   15.512
   1    3.680  -15.162   17.238
   1    9.013   -8.192   18.474
   1    3.181  -11.806   16.823
   1    3.605  -12.290   17.060
   1    5.699  -13.731   17.989
   1    4.523  -12.115   19.103
   1    3.314  -12.887   19.057
   1    4.049  -10.109   18.478
   1    6.468  -11.628   19.047
   1    6.884  -11.458   18.774
   1    5.265  -10.749   18.178
   1    6.764  -11.781   17.079
   1    6.528  -11.557   17.317
   1    6.638  -13.077   18.217
   2    4.935  -11.632   15.046
   2    5.078  -11.406   15.180
   2    5.757  -11.521   13.850
   2    5.773  -11.153   13.921
   2    7.070  -10.839   14.210
   2    7.155  -10.559   14.193
   2    7.152   -9.941   15.050
   2    7.214   -9.641   15.012
   2    4.976  -10.693   12.813
   2    4.896  -10.354   12.941
   2    4.611   -9.432   13.388
   2    3.743  -11.083   12.501
   2    3.858  -11.584   12.293
   2    5.683   -9.885   11.726
   2    4.547  -10.814   15.527
   2    5.510  -10.211   15.754
   2    5.962  -12.339   13.548
   2    4.036   -9.929   13.477
   2    5.648  -10.589   11.938
   2    4.644   -9.326   13.574
   2    5.030   -9.344   14.216
   2    3.236  -11.198   13.399
   2    4.096  -12.441   11.924
   2    6.542   -9.278   12.024
   2    3.222  -10.974   11.650
   2    5.039   -9.142   11.179
   2    3.163  -11.738   13.200
   2    5.904  -10.639   11.169
   3    8.120  -11.181   13.484
   3    9.465  -10.668   13.672
   3   10.033  -10.398   12.281
   3    9.868  -11.242   11.386
   3   10.378  -11.697   14.367
   3    9.710  -12.376   15.907
   3    7.964  -11.544   12.563
   3    9.438   -9.767   14.226
   3   10.567  -12.519   13.686
   3   11.328  -11.210   14.599
   4   10.727   -9.270   12.088
   4   11.204   -8.935   10.767
   4   12.714   -8.735   10.787
   4   13.302   -8.278   11.761
   4   10.501   -7.683   10.234
   4    8.737   -7.943    9.887
   4   10.884   -8.643   12.864
   4   11.030   -9.555   10.268
   4   10.610   -6.890   10.976
   4   11.012   -7.377    9.320
   5   13.371   -9.080    9.656
   5   14.831   -9.075    9.617
   5   15.438   -7.683    9.503
   5   16.635   -7.542    9.793
   5   15.164   -9.926    8.384
   5   13.940   -9.729    7.470
   5   12.783   -9.739    8.462
   5   15.144   -9.471   10.340
   5   16.062   -9.567    7.897
   5   15.251  -10.979    8.658
   5   13.999   -8.762    6.959
   5   13.849  -10.548    6.760
   5   11.943   -9.163    8.080
   5   12.496  -10.766    8.688
   6   14.648   -6.702    9.048
   6   15.122   -5.348    8.865
   6   13.912   -4.422    8.941
   6   12.760   -4.866    8.857
   6   15.829   -5.154    7.531
   6   14.862   -5.251    6.484
   6   13.698   -6.907    8.768
   6   15.728   -5.136    9.574
   6   16.305   -4.176    7.501
   6   16.586   -5.937    7.394
   6   14.149   -4.612    6.644
   7   14.134   -3.093    8.949
   7   14.271   -3.175    9.154
   7   13.127   -2.024    8.869
   7   13.169   -2.226    9.217
   7   12.308   -2.147    7.583
   7   12.345   -2.121    7.951
   7   11.077   -2.142    7.663
   7   11.117   -2.112    8.064
   7   13.790   -0.643    9.047
   7   13.736   -0.865    9.625
   7   14.418   -0.343   10.408
   7   14.237   -0.997   11.065
   7   12.842    0.463    8.604
   7   12.666    0.211    9.527
   7   13.422   -0.283   11.546
   7   14.920    0.264   11.549
   7   15.065   -2.750    9.128
   7   15.100   -3.285    9.136
   7   12.524   -2.335    9.744
   7   12.288   -2.704   10.247
   7   14.608   -0.609    8.343
   7   13.734   -0.779    9.367
   7   15.029   -1.240   10.701
   7   13.397   -1.195   11.705
   7   15.005    0.509   10.388
   7   14.951   -1.803   11.108
   7   12.427    0.237    7.677
   7   12.343    0.165    8.376
   7   13.331    1.381    8.606
   7   13.124    1.173    9.544
   7   12.021    0.518    9.334
   7   11.878    0.080   10.040
   7   12.691    0.582   11.228
   7   15.720    0.534   10.894
   7   13.796    0.002   12.425
   7   15.300    0.122   12.521
   7   12.768   -1.108   11.587
   7   14.222    1.079   11.565
   8   12.986   -2.267    6.455
   8   12.943   -2.089    6.765
   8   12.305   -2.325    5.169
   8   12.112   -2.056    5.551
   8   11.308   -3.476    5.156
   8   11.273   -3.331    5.377
   8   10.150   -3.168    4.873
   8   10.209   -3.437    4.708
   8   13.305   -2.441    4.000
   8   12.911   -1.705    4.286
   8   12.692   -3.025    2.735
   8   13.595   -2.931    3.707
   8   13.978   -1.098    3.736
   8   11.998   -1.047    3.261
   8   14.005   -2.155    6.472
   8   13.869   -1.963    6.356
   8   11.740   -1.418    4.501
   8   11.294   -1.252    5.668
   8   14.100   -3.108    4.322
   8   13.308   -0.148    4.484
   8   13.415   -3.073    1.989
   8   14.200   -3.407    4.426
   8   11.891   -2.377    2.417
   8   14.201   -2.645    2.873
   8   12.294   -3.972    2.950
   8   12.851   -3.608    3.363
   8   13.183   -0.395    3.401
   8   12.556   -0.781    2.423
   8   14.635   -1.196    2.912
   8   11.497   -0.266    3.690
   8   14.426   -0.715    4.560
   8   11.287   -1.822    2.965
   9   11.785   -4.548    5.746
   9   10.923   -5.730    5.714
   9    9.666   -5.508    6.557
   9    8.570   -5.895    6.136
   9   11.702   -6.957    6.163
   9   12.769   -4.633    5.923
   9   10.643   -5.866    4.817
   9   12.518   -7.120    5.500
   9   11.070   -7.807    6.151
   9   12.074   -6.806    7.141
  10    9.816   -4.904    7.751
  10    8.653   -4.582    8.562
  10    7.727   -3.590    7.862
  10    6.496   -3.756    7.879
  10    9.095   -4.032    9.920
  10    7.938   -3.576   10.814
  10    7.025   -4.707   11.313
  10    7.754   -5.588   12.198
  10    7.202   -6.691   12.738
  10    5.941   -7.033   12.513
  10    7.980   -7.456   13.512
  10   10.672   -4.419    7.969
  10    8.169   -5.380    8.708
  10    9.656   -4.809   10.448
  10    9.764   -3.183    9.759
  10    8.359   -3.062   11.681
  10    7.331   -2.859   10.258
  10    6.179   -4.275   11.853
  10    6.657   -5.277   10.463
  10    8.780   -5.355   12.427
  10    5.345   -6.378   12.050
  10    5.567   -7.817   13.012
  10    8.928   -7.143   13.724
  10    7.605   -8.255   13.967
  11    8.287   -2.534    7.267
  11    7.427   -1.567    6.596
  11    6.654   -2.260    5.457
  11    5.448   -2.001    5.264
  11    8.264   -0.415    6.043
  11    8.889    0.254    7.126
  11    9.283   -2.507    7.112
  11    6.758   -1.198    7.277
  11    9.015   -0.804    5.364
  11    7.607    0.279    5.520
  11    9.413    0.982    6.772
  12    7.334   -3.182    4.760
  12    7.321   -3.060    4.643
  12    6.631   -3.764    3.624
  12    6.705   -3.962    3.668
  12    5.602   -4.715    4.215
  12    5.598   -4.912    4.118
  12    4.524   -4.862    3.627
  12    4.558   -5.071    3.483
  12    7.630   -4.472    2.710
  12    7.743   -4.764    2.886
  12    8.466   -3.462    1.946
  12    8.635   -3.916    1.993
  12    8.050   -2.322    1.713
  12    8.305   -2.800    1.600
  12    9.660   -3.919    1.571
  12    9.767   -4.495    1.618
  12    8.315   -3.311    4.938
  12    8.494   -2.843    4.417
  12    6.347   -2.946    3.287
  12    6.607   -3.874    2.465
  12    8.297   -5.101    3.311
  12    8.366   -5.278    3.606
  12    7.096   -5.102    2.000
  12    7.217   -5.504    2.279
  12    9.977   -4.831    1.814
  12   10.039   -5.383    2.020
  12   10.244   -3.337    0.948
  12   10.385   -4.029    0.971
  13    5.896   -5.361    5.350
  13    5.894   -5.550    5.245
  13    4.949   -6.246    6.024
  13    4.912   -6.411    5.882
  13    3.619   -5.551    6.309
  13    3.717   -5.576    6.315
  13    2.554   -6.105    6.047
  13    2.531   -5.890    6.174
  13    5.571   -6.862    7.285
  13    5.616   -7.037    7.092
  13    4.764   -8.023    7.840
  13    4.687   -7.865    7.968
  13    3.810   -7.705    8.794
  13    3.903   -7.409    9.004
  13    4.941   -9.349    7.493
  13    4.588   -9.214    7.662
  13    3.045   -8.679    9.414
  13    3.092   -8.318    9.660
  13    4.178  -10.329    8.104
  13    3.795  -10.141    8.308
  13    3.225  -10.004    9.052
  13    2.995   -9.656    9.326
  13    6.757   -5.179    5.818
  13    6.827   -5.861    5.782
  13    4.532   -6.680    5.812
  13    4.924   -7.736    5.063
  13    6.572   -7.226    7.031
  13    6.439   -7.662    6.739
  13    5.648   -6.084    8.021
  13    6.045   -6.243    7.728
  13    3.637   -6.680    9.061
  13    3.769   -6.718    8.881
  13    5.664   -9.615    6.732
  13    5.003  -10.084    6.209
  13    2.259   -8.427   10.114
  13    2.496   -8.035   10.220
  13    4.432  -11.384    7.922
  13    2.310  -11.827    8.116
  13    2.684  -10.800    9.547
  13    1.033  -10.180    9.913
  14    3.844   -4.376    6.896
  14    2.680   -3.622    7.319
  14    1.833   -3.173    6.126
  14    0.594   -3.147    6.222
  14    3.085   -2.446    8.185
  14    3.560   -2.881    9.557
  14    3.160   -3.950   10.045
  14    4.381   -2.035   10.185
  14    4.769   -3.988    6.968
  14    2.065   -4.280    7.932
  14    3.893   -1.905    7.686
  14    2.232   -1.783    8.300
  14    4.656   -1.189    9.746
  14    4.743   -2.300   11.093
  15    2.453   -2.834    4.987
  15    1.661   -2.534    3.797
  15    0.938   -3.786    3.291
  15   -0.243   -3.743    2.943
  15    2.521   -1.880    2.719
  15    1.780   -1.808    1.389
  15    2.929   -0.470    3.176
  15    3.458   -2.731    4.972
  15    0.931   -1.854    4.066
  15    3.432   -2.483    2.583
  15    1.534   -2.788    1.068
  15    2.412   -1.353    0.665
  15    0.905   -1.237    1.503
  15    2.056    0.097    3.358
  15    3.497   -0.011    2.408
  15    3.505   -0.542    4.054
  16    1.660   -4.927    3.255
  16    1.047   -6.177    2.834
  16   -0.201   -6.510    3.656
  16   -1.190   -7.047    3.135
  16    2.113   -7.278    2.961
  16    1.559   -8.945    2.568
  16    2.658   -4.906    3.410
  16    0.810   -6.093    1.956
  16    2.951   -7.031    2.303
  16    2.487   -7.277    3.989
  17   -0.168   -6.180    4.949
  17   -1.295   -6.482    5.820
  17   -2.504   -5.557    5.603
  17   -3.614   -5.945    5.977
  17   -0.852   -6.425    7.287
  17    0.067   -7.582    7.665
  17   -0.682   -8.887    7.884
  17   -1.429   -8.818    9.122
  17   -2.470   -9.589    9.445
  17   -3.026  -10.418    8.551
  17   -2.966   -9.559   10.681
  17    0.585   -5.629    5.315
  17   -1.593   -7.441    5.627
  17   -0.313   -5.491    7.451
  17   -1.729   -6.451    7.924
  17    0.801   -7.727    6.865
  17    0.600   -7.321    8.580
  17   -1.379   -9.051    7.054
  17    0.024   -9.717    7.927
  17   -1.121   -8.087    9.855
  17   -2.640  -10.487    7.618
  17   -3.751  -11.063    8.835
  17   -2.585   -8.897   11.346
  17   -3.663  -10.219   10.967
  18   -2.312   -4.376    5.011
  18   -3.420   -3.432    4.910
  18   -4.677   -4.019    4.266
  18   -5.776   -3.791    4.790
  18   -3.010   -2.152    4.147
  18   -2.063   -1.231    4.900
  18   -1.638   -0.106    3.959
  18   -2.686   -0.657    6.170
  18   -1.445   -4.181    4.549
  18   -3.613   -3.214    5.629
  18   -2.531   -2.466    3.210
  18   -3.910   -1.599    3.898
  18   -1.164   -1.815    5.168
  18   -1.151   -0.490    3.123
  18   -0.982    0.547    4.496
  18   -2.500    0.444    3.671
  18   -1.977   -0.029    6.642
  18   -2.948   -1.449    6.822
  18   -3.545   -0.103    5.915
  19   -4.598   -4.790    3.167
  19   -4.644   -4.572    3.067
  19   -5.804   -5.385    2.594
  19   -5.877   -5.234    2.630
  19   -6.322   -6.601    3.354
  19   -6.366   -6.440    3.439
  19   -7.369   -7.123    2.981
  19   -7.481   -6.882    3.127
  19   -5.405   -5.813    1.176
  19   -5.517   -5.590    1.183
  19   -3.923   -5.946    1.245
  19   -4.110   -5.189    0.902
  19   -3.457   -4.928    2.233
  19   -3.483   -4.677    2.166
  19   -6.609   -4.765    2.454
  19   -6.218   -4.928    1.991
  19   -5.870   -6.772    0.930
  19   -5.592   -6.712    1.034
  19   -5.689   -5.049    0.453
  19   -6.216   -5.125    0.499
  19   -3.653   -6.953    1.584
  19   -3.554   -6.009    0.478
  19   -3.486   -5.751    0.260
  19   -4.152   -4.356    0.177
  19   -2.584   -5.276    2.760
  19   -2.718   -5.418    2.491
  19   -3.273   -3.978    1.725
  19   -3.076   -3.710    2.047
  20   -5.590   -7.024    4.371
  20   -6.018   -8.167    5.169
  20   -5.299   -9.465    4.853
  20   -5.654  -10.506    5.416
  20   -4.728   -6.567    4.618
  20   -5.864   -7.935    6.224
  20   -7.087   -8.321    5.026
  21   -4.257   -9.401    4.017
  21   -3.497  -10.578    3.634
  21   -3.055  -11.345    4.887
  21   -2.509  -10.750    5.809
  21   -2.225  -10.109    2.907
  21   -2.570   -9.136    1.932
  21   -1.493  -11.283    2.269
  21   -3.971   -8.521    3.641
  21   -4.194  -11.341    2.856
  21   -1.551   -9.646    3.641
  21   -2.987   -8.381    2.360
  21   -1.203  -11.969    3.027
  21   -0.655  -10.945    1.745
  21   -2.162  -11.782    1.601
  22   -3.223  -12.679    4.864
  22   -2.719  -13.510    5.958
  22   -1.267  -13.212    6.318
  22   -0.409  -13.058    5.429
  22   -2.869  -14.951    5.453
  22   -4.087  -14.852    4.583
  22   -3.965  -13.515    3.897
  22   -3.484  -13.237    6.939
  22   -2.005  -15.242    4.842
  22   -3.029  -15.649    6.272
  22   -4.115  -15.658    3.853
  22   -4.996  -14.869    5.207
  22   -3.389  -13.631    2.975
  22   -4.941  -13.091    3.702
  22   -3.018  -12.669    4.880
  22   -2.587  -13.339    6.108
  22   -1.146  -12.973    6.446
  22   -0.307  -12.731    5.575
  22   -2.704  -14.834    5.765
  22   -1.766  -15.203    4.767
  22   -3.534  -13.194    4.157
  22   -3.031  -12.985    7.184
  22   -2.478  -15.439    6.624
  22   -3.676  -15.081    5.362
  22   -1.905  -14.683    3.926
  23   -0.939  -13.207    7.642
  23    0.439  -13.004    8.080
  23    1.401  -13.972    7.382
  23    2.520  -13.584    7.062
  23    0.597  -13.153    9.596
  23   -0.085  -12.041   10.394
  23    0.251  -12.089   11.902
  23    0.630  -13.127   12.424
  23    0.090  -11.025   12.579
  23   -1.608  -13.536    8.317
  23    0.694  -12.123    7.844
  23    0.152  -14.118    9.897
  23    1.652  -13.179    9.840
  23    0.253  -11.081   10.015
  23   -1.163  -12.114   10.272
  23    1.108  -11.273   13.151
  24    0.975  -15.224    7.167
  24    1.914  -16.191    6.614
  24    2.337  -15.808    5.195
  24    3.486  -16.037    4.803
  24    1.293  -17.589    6.653
  24    0.010  -15.467    7.333
  24    2.596  -16.201    7.087
  24    1.085  -17.850    7.658
  24    1.986  -18.290    6.249
  24    0.407  -17.601    6.087
  25    1.441  -15.205    4.415
  25    1.726  -14.745    3.055
  25    2.581  -13.487    3.085
  25    3.617  -13.459    2.402
  25    0.447  -14.547    2.236
  25   -0.130  -15.864    1.695
  25   -1.539  -15.673    1.164
  25    0.737  -16.587    0.651
  25    0.531  -14.972    4.772
  25    2.037  -15.743    2.381
  25   -0.288  -14.064    2.850
  25    0.683  -13.917    1.374
  25   -0.223  -16.557    2.568
  25   -1.916  -16.597    0.808
  25   -1.491  -14.986    0.346
  25   -2.159  -15.289    1.912
  25    0.229  -17.476    0.340
  25    1.662  -16.853    1.082
  25    0.875  -15.956   -0.171
  25    1.352  -15.386    4.353
  25    1.787  -14.911    3.044
  25    2.639  -13.655    3.125
  25    3.464  -13.292    2.274
  25    0.562  -14.678    2.154
  25   -0.038  -16.026    1.736
  25    0.741  -13.741    0.966
  25   -1.475  -15.892    1.278
  25    0.490  -15.158    4.812
  25    2.379  -15.637    2.507
  25   -0.214  -14.189    2.796
  25    0.542  -16.414    0.897
  25    0.007  -16.709    2.566
  25   -0.180  -13.604    0.461
  25    1.450  -14.161    0.302
  25    1.097  -12.797    1.304
  25   -2.066  -15.506    2.096
  25   -1.857  -16.817    0.987
  25   -1.544  -15.194    0.478
  26    2.269  -12.627    4.026
  26    3.112  -11.460    4.143
  26    4.517  -11.819    4.625
  26    5.484  -11.125    4.257
  26    2.488  -10.405    5.043
  26    0.956   -9.708    4.358
  26    1.423  -12.748    4.561
  26    3.191  -11.138    3.386
  26    2.274  -10.855    6.012
  26    3.204   -9.597    5.178
  27    4.641  -12.876    5.414
  27    5.955  -13.353    5.880
  27    6.808  -13.826    4.704
  27    7.932  -13.357    4.526
  27    5.763  -14.438    6.932
  27    3.826  -13.422    5.672
  27    6.499  -12.436    6.397
  27    5.171  -14.069    7.721
  27    6.717  -14.722    7.306
  27    5.296  -15.275    6.490
  28    6.286  -14.760    3.880
  28    7.105  -15.202    2.764
  28    7.347  -14.085    1.757
  28    8.361  -14.089    1.035
  28    6.516  -16.438    2.075
  28    5.169  -16.139    1.741
  28    6.607  -17.674    2.962
  28    5.373  -15.144    4.056
  28    7.931  -15.451    3.107
  28    7.080  -16.624    1.150
  28    5.144  -15.404    1.121
  28    7.623  -17.866    3.213
  28    6.222  -18.518    2.436
  28    6.049  -17.530    3.844
  29    6.392  -13.181    1.660
  29    6.514  -13.036    1.664
  29    6.418  -13.135    1.671
  29    6.710  -12.109    0.728
  29    6.562  -11.905    0.739
  29    6.603  -11.998    0.777
  29    7.704  -11.016    1.149
  29    7.798  -11.116    1.160
  29    7.865  -11.237    1.181
  29    8.301  -10.353    0.285
  29    8.501  -10.612    0.285
  29    8.672  -10.832    0.345
  29    5.363  -11.401    0.539
  29    5.205  -11.208    0.657
  29    5.370  -11.090    0.812
  29    5.375  -10.327   -0.528
  29    5.239   -9.804    0.103
  29    5.287  -10.243   -0.438
  29    5.813  -10.588   -1.820
  29    5.474   -9.608   -1.252
  29    6.039  -10.389   -1.597
  29    5.150   -8.974   -0.250
  29    4.940   -8.767    0.979
  29    4.304   -9.263   -0.372
  29    5.821   -9.625   -2.811
  29    5.479   -8.292   -1.691
  29    5.824   -9.524   -2.655
  29    5.096   -7.971   -1.213
  29    4.937   -7.469    0.493
  29    4.118   -8.379   -1.417
  29    5.504   -8.324   -2.482
  29    5.196   -7.241   -0.844
  29    4.885   -8.521   -2.553
  29    5.643   -7.361   -3.456
  29    5.207   -5.954   -1.339
  29    4.694   -7.576   -3.542
  29    5.633  -13.147    2.303
  29    6.628  -13.256    1.333
  29    4.241  -11.541    1.570
  29    7.176  -13.404    0.150
  29    6.923  -12.969    0.103
  29    6.981  -12.587   -0.259
  29    4.607  -12.161    0.226
  29    4.549  -11.815    0.063
  29    3.985  -12.281   -0.581
  29    5.015  -10.973    1.476
  29    4.784  -11.150    1.680
  29    5.916  -10.428    2.228
  29    6.086  -11.589   -2.064
  29    5.961  -10.425   -1.894
  29    3.650  -15.059    0.955
  29    4.969   -8.690    0.812
  29    4.910   -9.137    2.264
  29    3.559   -7.059    1.135
  29    5.888   -9.897   -3.841
  29    5.142   -9.205   -2.282
  29    5.323   -9.313   -3.647
  29    5.039   -6.939   -0.896
  29    4.474   -6.723    1.394
  29   -0.253   -7.101   -4.424
  29    6.086   -7.640   -4.204
  29    4.528   -5.601   -1.035
  29    9.901   -8.331    2.639
  30    7.952  -10.906    2.468
  30    8.859   -9.890    2.984
  30   10.135  -10.416    3.605
  30   11.029   -9.559    3.782
  30    8.157   -9.058    4.079
  30    7.806   -9.919    5.172
  30    6.951   -8.290    3.517
  30    7.375  -11.388    3.133
  30    9.086   -9.295    2.272
  30    8.898   -8.354    4.477
  30    8.542  -10.440    5.440
  30    7.323   -7.637    2.778
  30    6.545   -7.723    4.321
  30    6.268   -8.958    3.143
  31   10.155  -11.691    4.001
  31   11.224  -12.202    4.812
  31   10.989  -12.152    6.317
  31   11.805  -12.657    7.105
  31    9.390  -12.306    3.766
  31   11.395  -13.256    4.538
  31   12.136  -11.666    4.587
  32    9.878  -11.503    6.746
  32    9.489  -11.598    8.127
  32    9.042  -13.047    8.444
  32    8.853  -13.862    7.538
  32    8.350  -10.614    8.429
  32    8.738   -8.882    8.069
  32    9.249  -11.089    6.079
  32   10.236  -11.377    8.676
  32    7.488  -10.917    7.825
  32    8.086  -10.716    9.477
  33    8.889  -13.300    9.742
  33    8.566  -14.634   10.237
  33    7.478  -14.526   11.283
  33    7.246  -13.483   11.891
  33    9.812  -15.346   10.825
  33   10.356  -14.643   12.068
  33   10.858  -15.475    9.735
  33   11.473  -15.416   12.770
  33    9.044  -12.578   10.431
  33    8.192  -15.233    9.399
  33    9.516  -16.370   11.127
  33   10.762  -13.665   11.777
  33    9.537  -14.471   12.774
  33   10.438  -15.983    8.905
  33   11.693  -16.018   10.095
  33   11.169  -14.508    9.435
  33   11.069  -16.350   13.113
  33   11.796  -14.867   13.627
  33   12.262  -15.582   12.123
  34    6.735  -15.611   11.478
  34    6.940  -15.725   11.541
  34    5.741  -15.775   12.531
  34    5.901  -15.927   12.546
  34    6.284  -16.792   13.527
  34    6.491  -16.893   13.568
  34    6.656  -17.904   13.137
  34    6.959  -17.943   13.134
  34    4.453  -16.448   12.008
  34    4.473  -16.090   11.997
  34    3.840  -15.550   10.932
  34    4.106  -15.191   10.815
  34    3.471  -16.620   13.161
  34    3.435  -16.276   13.107
  34    2.656  -16.170   10.226
  34    4.106  -13.679   10.858
  34    6.840  -16.408   10.868
  34    6.865  -16.934   11.016
  34    5.262  -14.898   12.990
  34    5.799  -14.687   11.034
  34    4.677  -17.424   11.588
  34    3.710  -17.869   12.405
  34    3.531  -14.598   11.390
  34    4.854  -15.360    9.999
  34    4.610  -15.322   10.187
  34    3.159  -15.476   10.407
  34    3.860  -17.210   13.904
  34    3.640  -16.549   13.855
  34    2.554  -17.023   12.786
  34    2.464  -16.270   12.618
  34    3.234  -15.635   13.563
  34    3.296  -14.935   13.337
  34    2.937  -17.054    9.761
  34    3.354  -13.379   11.659
  34    2.280  -15.475    9.503
  34    3.746  -13.223    9.982
  34    1.887  -16.351   10.941
  34    5.007  -13.257   11.165
  35    6.305  -16.461   14.816
  35    6.720  -17.367   15.871
  35    5.562  -17.490   16.866
  35    4.741  -16.600   17.030
  35    8.003  -16.878   16.593
  35    7.823  -15.541   17.263
  35    9.173  -16.892   15.583
  35    8.930  -15.124   18.206
  35    6.096  -15.492   15.035
  35    6.914  -18.358   15.423
  35    8.261  -17.622   17.378
  35    7.680  -14.727   16.509
  35    6.858  -15.529   17.866
  35    9.285  -17.795   15.168
  35   10.047  -16.560   16.109
  35    8.938  -16.131   14.852
  35    9.057  -15.876   18.940
  35    8.748  -14.197   18.666
  35    9.834  -15.057   17.631
  36    5.556  -18.642   17.593
  36    4.489  -18.822   18.590
  36    4.742  -18.085   19.875
  36    3.804  -17.870   20.608
  36    4.408  -20.350   18.745
  36    5.814  -20.800   18.406
  36    6.304  -19.896   17.288
  36    3.796  -18.564   18.263
  36    4.173  -20.575   19.800
  36    3.650  -20.751   18.086
  36    6.507  -20.766   19.234
  36    5.797  -21.852   17.988
  36    7.353  -19.723   17.360
  36    5.994  -20.271   16.321
  37    6.021  -17.853   20.161
  37    5.950  -17.646   20.211
  37    6.460  -17.080   21.310
  37    6.098  -16.885   21.437
  37    6.310  -15.586   21.073
  37    5.969  -15.396   21.156
  37    5.798  -15.167   20.034
  37    5.359  -15.002   20.163
  37    6.724  -18.236   19.574
  37   10.073  -17.696   19.401
  37    5.885  -17.364   22.202
  37    5.086  -17.149   22.089
  37    7.511  -17.298   21.519
  37    6.847  -17.077   22.028
  38    6.827  -14.792   22.008
  38    6.521  -14.608   22.073
  38    6.712  -13.341   21.992
  38    6.369  -13.159   22.065
  38    8.087  -12.694   21.849
  38    7.724  -12.479   21.893
  38    8.229  -11.472   21.777
  38    7.778  -11.252   21.803
  38    6.011  -12.817   23.236
  38    5.660  -12.733   23.341
  38    7.390  -15.165   22.734
  38    7.425  -14.451   23.140
  38    5.681  -12.621   21.111
  38    5.768  -12.932   20.902
  38    5.095  -13.329   23.378
  38    4.698  -13.156   23.448
  38    5.914  -11.811   23.250
  38    5.461  -11.614   23.274
  38    6.654  -13.124   24.098
  38    6.245  -12.871   24.168
  39    9.173  -13.458   21.810
  39    8.831  -13.213   21.828
  39   10.528  -12.929   21.902
  39   10.155  -12.610   21.923
  39   11.253  -13.095   20.572
  39   10.906  -12.961   20.645
  39   11.775  -14.172   20.284
  39   11.276  -14.101   20.364
  39   11.294  -13.613   23.049
  39   10.950  -13.125   23.137
  39   10.516  -13.490   24.247
  39   10.128  -13.080   24.307
  39   12.558  -12.807   23.308
  39   12.200  -12.306   23.415
  39    9.034  -14.440   21.880
  39   11.050  -14.572   20.104
  39   10.084  -11.410   22.082
  39    8.670  -11.423   22.953
  39   11.445  -14.657   22.800
  39   11.194  -14.071   22.985
  39    9.692  -13.969   24.188
  39    9.219  -13.487   24.154
  39   13.167  -12.869   22.457
  39   12.661  -12.116   22.505
  39   13.076  -13.352   24.115
  39   12.655  -12.556   24.177
  39   12.351  -11.867   23.605
  39   11.758  -11.177   23.643
  40   11.288  -12.004   19.810
  40   11.948  -12.143   18.543
  40   13.480  -12.188   18.737
  40   14.017  -11.526   19.604
  40   11.640  -10.931   17.666
  40    9.887  -10.817   17.188
  40   11.637  -11.111   20.169
  40   11.605  -13.059   18.042
  40   11.921  -10.020   18.203
  40   12.252  -10.995   16.760
  41   14.195  -13.004   17.932
  41   15.637  -13.146   18.092
  41   16.369  -11.965   17.477
  41   15.809  -11.167   16.750
  41   15.942  -14.451   17.341
  41   14.859  -14.421   16.193
  41   13.594  -13.862   16.882
  41   15.870  -13.290   19.154
  41   16.890  -14.495   16.930
  41   15.679  -15.344   17.966
  41   15.201  -13.717   15.430
  41   14.684  -15.401   15.787
  41   12.982  -13.278   16.175
  41   12.987  -14.683   17.308
  42   17.699  -11.894   17.764
  42   18.492  -10.771   17.364
  42   18.660  -10.602   15.910
  42   19.057   -9.453   15.458
  42   18.018  -12.640   18.387
  42   18.037   -9.883   17.789
  42   19.457  -10.911   17.845
  43   18.484  -11.584   15.035
  43   18.368  -11.742   15.274
  43   18.532  -11.457   13.587
  43   18.467  -11.728   13.820
  43   17.154  -11.208   12.982
  43   17.175  -11.421   13.069
  43   17.066  -11.070   11.757
  43   17.157  -11.351   11.840
  43   19.266  -12.646   12.952
  43   19.044  -13.035   13.279
  43   18.690  -14.027   13.218
  43   18.325  -14.318   13.641
  43   19.071  -14.935   12.444
  43   18.641  -15.363   13.033
  43   17.928  -14.166   14.198
  43   17.432  -14.343   14.516
  43   18.046  -12.466   15.333
  43   19.480  -11.617   14.938
  43   19.293  -10.793   13.415
  43   19.853  -10.196   13.840
  43   19.246  -12.484   11.859
  43   19.039  -13.015   12.160
  43   20.297  -12.625   13.270
  43   20.085  -13.132   13.571
  43   17.841  -15.010   13.608
  43   13.425  -17.082   16.300
  44   16.110  -11.166   13.823
  44   14.796  -10.726   13.383
  44   14.319   -9.649   14.376
  44   13.272   -9.821   15.026
  44   13.790  -11.862   13.241
  44   14.114  -12.779   12.089
  44   15.043  -13.824   12.197
  44   13.490  -12.569   10.877
  44   15.333  -14.632   11.105
  44   13.783  -13.358    9.762
  44   14.702  -14.392    9.883
  44   15.005  -15.199    8.829
  44   16.249  -10.953   14.799
  44   14.892  -10.335   12.597
  44   13.788  -12.452   14.160
  44   12.801  -11.445   13.084
  44   15.565  -13.983   13.132
  44   12.747  -11.795   10.792
  44   16.088  -15.399   11.173
  44   13.191  -13.277    8.871
  44   14.409  -14.992    8.086
  45   15.122   -8.598   14.466
  45   15.022   -7.650   15.547
  45   14.041   -6.508   15.291
  45   13.802   -5.695   16.196
  45   16.425   -7.054   15.767
  45   15.815   -8.437   13.760
  45   14.788   -8.066   16.268
  45   17.110   -7.819   16.015
  45   16.383   -6.356   16.584
  45   16.747   -6.544   14.904
  46   13.513   -6.432   14.070
  46   12.645   -5.347   13.627
  46   11.201   -5.794   13.380
  46   10.833   -6.925   13.791
  46   13.268   -4.685   12.384
  46   14.641   -4.132   12.661
  46   15.591   -4.547   12.028
  46   14.723   -3.168   13.614
  46   10.480   -4.975   12.775
  46   13.774   -7.098   13.362
  46   12.636   -4.574   14.444
  46   13.320   -5.415   11.571
  46   12.646   -3.851   12.072
  46   13.933   -2.916   14.039
  46   15.661   -2.840   13.786
